1000010010010000010101111101001011001011010110101011111111011000|1110101111000001100100000010101000011100110100001100000000110101|1110011110100110100001000101000111000100100101100100111111010000
1000000000010100110110010010010000010010000000000100100100000100|0100010110100000100000000010000000000010010010100010000000000011|1011011011011011000010010000010000010000010100010100111110110000
0100100101100001101000000000100100101000000000011001001010001010|0101001101000001000000100100000000000100100110001100000000000000|0010000010000010010000110100110100110000100101100100111100011000
0100000000100111101100110011011110110010110111101111100000100100|0000000000010010011000100000100000110101010000110100000001000001|0101110101100000000100100000100000001101010011010110100101011000
1000100100111000101011011011111011110111100100010110110010110000|1101011110000010000000100001010000110001001100011000000001101110|1010101011011011110111100111100111101001001001001011110011001000
1010010011110110110111101111011101011001101101100000100111000001|1001100101000001100100000110000000000100110111000100000000000011|1000111000111000011110010100010110010000101000101001111110010000
0101101110101110101101001011100011101110110110110110010110000010|1010011010100110100010101000000001100010000100010000000010000010|1000101000001011101111100111100111110011101111100110011011101000
0000000000000110000000001000010011010011011011011001010001000000|0000000000000000010010000001000000000000101001100000000000000000|0101000101000101001101011011011010011001100010100010100001000000
1011011011101111000100110100100010110110100101000100001010101001|1010111100000100100100100000010000101010001010110000000011011101|1001011000111001110001110011110001100111010011010110100101011000
0000000001010011011001001001000001001000000000010010010000010000|0001011010000010000000001000000000000001001010001000000000000110|1101101101101100001001000001000001000000010001010011111011110000
0110110010100010000100100100010100100010010011110110111010111011|0100110100000100000000110000000000001010011000110000000000000100|0010000010000011001011000111000111000011010110010011100011101000
1100101101111101111111111111111110111111011011011011010011011111|1100010000000000000000000100100001000000000000000000000110110110|0000100011100011000010000100000100101000001000001000001000001000
1000000010111110110010110011001111011101101101000001100100100000|0010110100000101001000010100000000001000110010010000000000001000|1111001111001100100111101111101011100100101000101101110011110000
1100101000101000100110111110011110111011010011010000010001010000|1001101010011010001000100000000110000100010001000000001000001010|1010101000000110010111001111001110001110111100011001101100100000
1100100000010101000010101011110000110000001011001110110000010000|0000000010010011100100000110000110010010010100100000001000000011|0100110110011010101000010000010111011101011011110101101100000000
1100100111001001011011001011111100111100100110110010110100000100|1011110000010000100100001011000010100001110011000000001101111000|1111001001001100111110111100111111101000000000010111010111110000
1000000101001101100100100100000100100000000001001001000001000000|0101101000001000000000100000000000010100101000100000000000010011|0110110110110000100010000100000100000010000101001111101111101000
1110101110101110110010000011100010101101111001111011011001011011|0011010100110100010001100000001100001000100000000000010000010101|0111010010001110101110011110011100011000110000111011010001111000
0010011011101001011110101111100101100100110010110001000001001001|0000000100100100010010001000001100101100001101000000010000000011|0101110000101001101101011001000011011010110101101001011111010000
1110010011010011011011011001111101101111111111111111011111111111|0001000000000000000010110010000100000000000000000000011011011100|1000000100000110000010000100000110100000100000100000100010001000
0000001011111011001011001100111101110110110100000110010010000000|1011010000010100100001010000000000100011001001000000000000100011|1100111100110010011110111110101110010001100010110111001111000000
1010100010100010011011111001111011101101001101000001000101000001|0110101001101000100010000000001000011001000100000000100000101010|1010100000011001011110111100111000111001110001100110110010100000
0000000001100000000010000100110100110110110110010100010000000000|0000000000000100100000010000000000000010011000000000000000000001|0001010001010011011010110110100110010100101000101000010000010000
0000001100001001101101111101000111001111100110110000110111001001|1101000001000000100100100110001010010110011110000000110111101001|0110001110011000000010000100000011000011100110110010110101100000
0000010111110110010110011001111011101101101000001100100100000000|0110100000101001000010100000000001000110010010000000000001000111|1001111001100100111111111101011100100010000101101110011110010000
0101000101000100110111110011111111011010011010000010001010000110|1101010011010001000100000000010000110010001000000001000001010001|0101000000110010111101111001110001110011100011000101100101010000
1000100111101100110011111110110110110111101111100000100000010000|0000010010011000000000000000010010101000110100000001000000000011|0101100000000100010000100000001001101001010110100101110101011000
0010010110010110110110111110001111010010010010010000010010010100|0100000000000000001001101000000000000000000000000001101101110010|1010011010010010000010000100001110000001000010000010001010101000
1000101001101100100100100000100100000000001001001000001000000000|1101000001000000000100000000000010010101000100000000000010001011|0110110110000100010000100000100000010100101001111101111101100000
0110101111110001101101110101011010000010100000000010000100010010|1010000010000000101100000010000100100100001010000000000010100100|1010001010101110101011010101010111010101001000110000100010100000
0111111001100011010001011010011100010010110010101010111101111111|0000100100110000100101100010110101010001110010000010000000000010|0111001100000100110101101000111001110011001100101010101001111000
0110111110110011111111111111101011011001001001001001001011101101|1000000000000000110110010010010000000000010010000011011011100001|1010111010101010011010110100100010110010000101000101010110110000
1001011111011001011001100111100110110110100000110010010000000100|1010000010100100001010000000000100001001001000000000000100010110|0111100110010011111011110101110010001010010110110001111001110000
0010100010000100100100110100100110010011110110111010111011011111|0100000100000000010000100000001001001000110000000000000101001100|0010000011001011100011000111000111001011010011100011000000101000
1110111010010111101011011101011101001100101100010000010011010110|0001001001100000000010100001101010100011010000000100000000000001|1100001010011011001010010100110010100110011010010111010111011000
1010000010000000000000100001000100100100100100101100100100101101|0000000000000000100100000000100000000000000000000110110111000110|0011100011000010000010000100101100000100001000001000101000001000
0010111110110010110011001111011101101101000001100100100000000000|0100000101001000010100000000001000011010010000000000001000101100|1111001100100111110111101011100100010100101101110011110011110000
1111010110010111011011101010111001011010000000011100011001111011|1000001000000000000100000010000010011001110010000000001010011000|1010001000011001011000110010110000100110100110000111000010100000
0000011000000000100001001101001101101101100101000100000000000000|0000000001001000000100000000000001010110000000000000000000000001|0100010100110110110111101001100101000101001010000100000101000000
0111000101010111011011001010011100010110010010110110100110010010|0000010000000000101101100011010100110011010010001101111010111100|1011001110101110011110111101101110010100011111011100010011011000
0101111101100101100110011110111011011010000011001001000000000000|1000001010010000101000000000000000110100100000000000010001011001|1110011001001111101111010111001000101000011011100111100111100000
1001010001001101111100111101110110100110100000100010100000100101|0100110100010001000000000110001100010010000000010000010100110101|0000001100101111001110011100011100111100110011011001010101010000
0000110000000001000010011010011011011011001010001000000000000000|0000000010010000001000000000000010100100000000000000000000000010|1000101001101101101101010011001010001010010100001000001010000000
0011100111011011011011011001111001100001011000011010110110010010|0000100000000000010010100010101001000110000000011011110101111000|0100001110001111001110011100111111001011111000111010100010001000
1101100100110110110111110110111111111101101101111101111111111111|0000010000000001000000000000010100101001000000000000100010110110|1101100001000100000100001000000101000101011111011111011011010000
1000110100001100000010010100110100111000000001100101101111001011|0000100000000010100100000010101001100110010010000000101001101000|1010000011000110010110101100101111101001011101011001000010100000
0101000000101010000000100100110000011000001111101011110101011110|0000000100000000110100101110100100001010010010100000000000000001|1001101011100001010000110110000110000101011011110011110100111000
1001111000001100000000010100100010001011011011011110010001111011|0001000000000000000000000111000011000100010010110111101011110000|0110010000011010001010010001010100110010011000010100000111100000
1100110110010010010000010010000000000100100100000100000000000001|0000100000000010000000000000101001010010000000000001000101101001|1011000010001000001000010000001010001010111110111110110110110000
0101001100100100100000101100000000001001001000001000000000000100|0001000000000100000000000001000011000100000000000001010011010000|0000010010010000010000100000100010100010011000010000000000000000
0011000000000100001001101001101101101100101000100000000000000000|0000001001000000100000000000001010011000000000000000000000000010|0010100110110110110111001100101000101000010000100000101000100000
1111010100100100100100101100101101011111111011111001001011001100|0010000000000001001000001010010110001000000000100100010101100011|1000110000110000110001101001100010100011111111100110000110000000
0110010011011011011111011011111111110110110111110111111111111101|0001000000000100000000000001000010100100000000000010001011010011|0110000100010000010000100000010100010100111101111101101101100000
1101110110010000011000010001101011101111011111001111011111110111|0110100010001000000000010000110010001000000010000000100100101010|0011100011111011111011100111100111100111010011000010100010001000
1110000000001000010011010011011011011001010001000000000000000000|0000010010000001000000000000000100110000000000000000000000000000|0101001101101101101100011001010001010001100001000001010001010000
1011000100101000100100100100110001010000001000001001101011101110|0100000000000010110100110110101100011000010001011110101111000011|1001100001101001111001100111111011111011100110010101010110001000
0011011001001001000001001000000000010010010000010000000000000101|0010000000001000000000000010010101000000000000000100010110100010|1100001000100000100001000000101000101001111011111011011011010000
0010000100100100110100000110010111110110111010111011011011001010|0100000000010000000000100100101100011000000000000101001101000000|0011001011100011100011000111001111001001100011000000000000101000
1111111010001010110000000000000010101110000010000101000011101001|1001100000000010100100000110010001101000010110000000000000010000|0100010101000001010100001110011100011100010110010110110101101000
1010000000000000100001100100100000100100101100100100101101001100|0000000000100100100000000000000000000000000110110111000100000010|0011000010000010000010101100000000000100001000101000101000111000
0110110010010010000010010000000000100100100000100000000000001010|0100000000010000000000000100101010001000000000001000101101000001|1000010001000001000000000001010001010011110111110110110110110000
1110011011010111111010001111011010010000011000011111011001011101|1000000000100000100100001011001000110000010010001010011010000000|1000011001001001011000110010100000100011000111000001000010100000
0101101101000001101001111001101111100111010110010110010000110110|0000000001000100100100000010100011000000010010000000000000000001|1010111000111000101011010001110011110101000100000101000110100000
0110010010011111010001001010110100110100110100100000110101011101|0000000001001001100101000010000000000000011111101110001000000000|1000001010001010011011100100111110111000010000010000010010010000
0010011011011011111011011111111110110110111110111111111111101011|1000000000100000000000001001000100010000000000010001011010000011|0000100010000010000010000010100010100111101111101101101101100000
1001001101111100111101110110100110100000100010100000100101000101|0100010001000000000110000110000001000000010000010100110101001100|1100101111001111001110011100111100001001011001010101010100000000
1000000001000010011010011011011011001010001000000000000000000011|0010010000001000000000000001010110000000000000000000000000000010|1001101101101101101001001010001010001010001000001010001010000000
1101001001001001001011001011111111011011011011111111011011000111|0000000000010010000010000100110001000000011011110101111000001000|1111001010001010001010110101000101010110101010100010100001001000
1100110100110011000010001001001011111001101101111111111111010000|0100100001010000000000010000110100100000000000100010110100000111|0010011111011111010110010001010001011011001111001111001111000000
1000001001100111101001101111110001110100100000101000100101000111|1000100010000000101000001110010000000000110010101001101010011001|0011010000010000000010000101000110001011100011101011101010100000
1000000010000100110100110110110110010100010000000000000000000110|0100100000010000000000000010101100000000000000000000000000000001|0011011011011011010010010100010100010100010000010100010100010000
1011011011010111011111001111100000110110100111111010110100101010|0000000000100100100001101011100110000000100101101011110000010001|0010010000010000000011000010100000001100110100000100000001001000
0110010010010000010010000000000100100100000100000000000001010011|0000000010000000000000100100100001000000000001000101101000001000|0010001000001000001000001010001010011111111110110110110110110000
1100110111110011110111011010011010000010001010000010010100010100|0001000100000000011000011000100100000001000001010011010100110111|0010111100111100111001110011110001100110100101010101010000000000
1011001100000001101001101100010100011111011111101111111101100001|1000000000100000011001110100001010000001000000000000000100100100|0100010000010000000101101101101111010010110101111101111000001000
0110110110111110101111110110010110010000010010010000001001011101|0000001001001000001000100000000000000001101101110001000000000001|0010000010000010000110000101000101000001001010001010000110101000
0111110111100100101100010000101101100100100101101001101001110111|0010000101000000100101000001000010000000010000011001010000010100|0011110111110111000111010001010011111110111100111100111111010000
0010110100110000110101111111101001111101111101001001100011000101|0010001000000000010100110011000000000010010000100110101001101010|1111100011100011111011110011110101011101001011101011100010110000
0100001010011101000001011011011101000011010010110110010100001011|0000000001000000010110101010010100000010010010000000001001001100|0110101110101110010111100111100000010101101010111010110011100000
0100100100101000110100000011010000011000001101101101001000001000|0000000010110000010000100100001000000011001100101111000001000010|0001101001101001110011111101111101000011010101010101101110010000
1110100110011000010001001001011111001101101111111111111010000010|0100001010000000000010000110010100000000000100010110100000101001|0011111011111010111000001010001011011100111001111001111001100000
0100100100110100000110110111110010111010111011011011001010001100|0000010000000000000100000110001000000000000101001101000001000000|1011100011100011100011001111001101110001000000000000000000111000
0111101011011101111101101000101000010000010011010010011011101101|0000000010000001100101110000111000000100000000000000010010011001|1011001011001010011000100010101001001011010111110111100010101000
1010010010111111110110000010010100011000000000001100100111000101|0000100100100000000100100010000000000010000001000100000000000000|1000001000001000001000111100111110111100111001111001011010011000
1010010010000010010000000000100100100000100000000000001010011011|0000010000000000000100100101001000000000001000101101000001000001|0001000001000001000001010001010011111011110110110110110110000000
1100100100001001100000010011101111110111100100100000000100100010|0000100000000000101101001110010000000000011000011010000010000001|1001001001001001011000100010100101010011000001000001000010000000
0000100001001101001101101101100101000100000000000000000001100000|1000000100000000000000101001100000000000000000000000000000010011|0110110110110100110011000101000101000010000101000101000101000000
1100100100101001100101111011111001011101011011001101000101101010|0000001001000001110110111010110000000101101000111100000100000010|1110001110001110010110010100011101111110010000010001110011101000
1100100100000100100000000001001001000001000000000000010100110110|0000100000000000001001001010000000000000010001011010000010000010|0010000010000010000000100010100111110111101101101101101100000000
1110100111101010101101101001111001111011101001101000001110101001|0001000000000010100110001010100000001000000110110101001101000111|0101010101010100000100101000101011011100010100010101000101100000
1111110100101100101101101101011100011010011011011011011000011111|0000001000000000000001110011000000010000000000000000000000100110|1111101111001011000111001111001111000101001010001010001010111000
0100100100101010100110101010010101010001101101001101010111100110|0000010010000010000000010011100000001011100111111000001000000000|0100000100000101000101111001101100101101100011100000100001011000
1110110111110110111111111101101101111101111111111111010110010011|0001000000000000010010010100010000000000100010110100000100000000|0100000100000100000011000101001111101111011011011011011000010000
0100000110000100010010110010111110111010111110110101110101110110|0010000000001100001100010001000000010000101001101010011010001001|1110011110011100011101111000110011011001101010101000000110010000
0000000100100100100100100100000110000010000000000000000010000100|0000000000000000000010100110010000100000000000000000000001001001|1010011011000011001010010110010110001010000100000100000100100000
0100100000100100000100110100000011000010010011011011110101010110|0100100100000100100100000010000000011110101010100000000000000000|1010001010001000111010010100010110010010000100000010000000100000
1010010000010010000000000100100100000100000000000001010011011001|0010000000000000100100111000100000000001000101101000001000000000|1000001000001000000100001010011111011111110110110110110000100000
0011010111010011111110111110100110101110100110110100100110000001|0100000000011000011000100010000000100000000000010100110100010011|1100111100111000101001010011000100010000010000010101001100000000
0011111110010110010011001011100100100000010000000010011110110111|0000100000011001010100101101000000100000000000000100100110000001|0000010000000100110111101111010110111010111101111000100001001000
1110111110101111110110110110010100010010010000001001011001011011|1001001000001000000000100000000000110101110001000000000000000000|0010000010000111000011000101000101000101001010000110000100101000
1111101000100000000000011011100100110101101101101111010101011111|0101000000000001100111001011000000000010001011010000010100100011|0111110111010110101001010001111000001110111100111100110000110000
0010011010001111011011111001101001101001001001000101100010001101|1000000000000010110111000100000000000010110100100000100000000011|1010111010111010101001010000001110000000000001000001001011100000
1111101100101100100100100110101110111111111111111111100111111111|0001000000000000001010011000000000000000000000000000000100100010|1101101101001100101001010001010000100000010001010001010011010000
0000010000111110000000010000100010100110110110100000100110000100|0010010000010000100100000010000000100001110010000000000000000100|1010001010000010011010110110110100111010010101000101000010100000
0110011000010001001001011111001101101111111111111010000110011010|1010000000000010000110010010000000000100010110100000101001000011|1011111010111001000100001011011100111100111001111001100100110000
0100010100001010110010100011110001110001000000011100011010100000|0000000001100001000010001110000010000101011111010011010001000110|1001101001111001101101010010001101111010010100000001110000010000
1000000110101010110011000011101101001010011011010110100010110011|0010000001100101110000010010000010000000010010010010011000000001|0001010000000011011010111101011001011011110110100011000100011000
0100100100001000000011011001011111010000001001001010011000010110|0100100000101001101000111010000011011101001100000010000000000000|1011001011011111010000100111010101100100101001011001110110111000
1010000010010000000000100100100000100000000000001010011011001001|0000000000000100100101000100000000000000101101000001000000000100|0001000001000000101001010011111011111011110110110110000100010000
0100000101101100000011011001110111110100100100000010010000010010|0000000000001001101000011010000000000010001000000010000000001000|1001001001001001010000100111010101110000000001000001100110010000
1000001101000001100100100101001011001001011011001100101111100010|0100000001001000000101001010000100000000010010100100110000000001|0010010000110110110111101000100101100111101110000111001100101000
0111110101110010110110100110100000110100110101101011101101011011|1001000001000000100100100010000010010110011010000000000000010000|1000001000101000010100101000101010001000110001110001100010001000
0110011110111011011010000011001001000000000000010101110110010010|1000000000001000011001001000000000001001011010000010100100001010|1111100011100100010100101101110011110011100111100110010011110000
0011000010001001011001011111011101011111011010111010111011001000|0000000110000110001000100000001000001100110101001101000100010000|1111001110001110011110011001101100101010010100000011001011110000
0010011010011011011011001010001000000000000000000001000000000000|1000000000000001010011000000000000000000000000000000100100000010|1101100001100101000100001010000100000101001010001010011011010000
1100100110101010111010000011010101111101001001010001000100010110|0010000010100100010101000010001101111101101010001000000000000100|0100000101010100111101101110101111100001100000100010010001001000
0011000010001001001011111001101101111111111111010000010011010011|0000000000010000110010010000000000010010110100000101001000010101|1111010111001000101001011011100111100111001111001100100111110000
0000110010100100101101100101100001100101101110101110101101001111|0000000100100000010001000000000000010001101010011010001000100011|1100111110111110011110111011011001010101101000101110111111000000
0110000010001100000101010110000000011000000001001011011011000011|0000000100000110100010100010000000000000010000010011000000000110|0001101011110010100011010101101011101111111101111001011000010000
1000101000001000100100110101000010000011011111110011110100010010|0100000100000000100100000010001011011000110010000000000001001000|1010001000101010001010010100010100010010000010000011000010100000
0010100000110110110011010111011111111111111100101010110100110100|0000000000100001100100000000000000100100101000001010010000101011|1100001100011011011010100011011011011111111110111001001111001000
1100001000100100111101101110001110010010010110000110100000000000|0000000001001001000011100000000000101011010000010000000001000001|1010011010011011011010011000011100000000000000000100100110101000
1110010110010010010011010111011111111111111111111011111111101011|0000000000000101001100000000000000000000000000000010010000001011|0110000110010100010100101000010000010100101000101001101101100000
0100101100100001011111101011111111001001001000111101110100010110|1000001010010010100010100010010111101111110010100000000000010011|1000111101111010001011001001000111110101000111001100001110001000
0000100100000000001001001000001000000000000010100110110010010010|0000000001001001010001000000000001000011010000010000000001000001|0000010000001010001010111110111110110110101101100001000100000000
0101111100101000010110100000010110100110111110011011010000110110|0000000010010010100010000010000001010110110010100000000010000011|1010111010111000101000001100000110110000000001001000001110100000
0011010011011011011001010001000000000000000000011000000000100001|0000000000001010011000000000000000000000000000000100100000010010|1101001100101000101001010000100000101000010001010011011011010000
0100110100111011010010001010011001111001001010101100110100010010|0000010100100110101000100010111111010111010011000000000000100110|1001100011101100111101000011011000111010001101011011011010011000
0111101110110110100000110010010000000000000101111101100101100110|0000000010000110010010000000000010001110100000101001000010100011|1010111001000101000101011100111100111100111001100100111110110000
1001100100000000000000001000100000101101001000001000000000000010|0000100000000000000000100001101011100100000000000000001001001000|0010010110000000000000000000010000010100011000010000000000101000
1010010000000000100100100000100000000000001010011011001001001000|0000000100100101000100000000000100010101000001000000000100000000|0001000000101000101001111011111011011011110110000100010000010000
1101111110111010110110110110110000110111111111111011111101011011|0001000000000000100100100001010111000000010010000000010010010000|1000100000000100010100101000001010001000010001000001000010001000
1001000100100101111100110110111111111111101000001001101001100110|0000001000011001001000000000001000101010000010100100001010000010|1011100100010100010111110011110011110011100110010011111011110000
1110100110110110010011000011111001011001010101000010110100010110|0010100100110001000100100100111010111000011010000000000100100000|0101010100101100110110101101100011100000100010010010000001001000
0010001001000111111001111101011001011001100110100001100111001000|0000010000110010110100000010000001011100010110000001010100000001|1101000010100010110111010001010011010101001001100010110001010000
1111111011010111011010001011111100110000001000001101001011111001|0100000000000000100100001111101100010000010010000001001001000000|1000101010011010001010010110010100010001000011000001000010100000
1000110110110011010111111111111011111110100000100100110100001110|0000100001100100100000100000010010110000000010010000101000000010|1100010011010011010001011011011011011111111001101111101111001000
1111110110100100100100100110010100000001110000111111111111111010|1010010011000010000000111011111011110000100000000000010010000010|0111100000000000101011010001000001000011001101001000001000101000
0100000000001001001000001000000000000010100110110010010010000010|0001001001010001000000000000100101101000010000000001000000000001|0000001010001010011110111110110110110110100001000100000100000000
1100110111011110011010001111111101011010101000110010110100010011|0100100110001100100100010101100111100001010010000000100100000110|0011101100101101100001011010111000110110011011011001011010011000
0001001001011111001101101111111111111010000010011010011001100001|0010000110010010000000000001001011010000101001000010100000000011|1001000101000101101110111100111100111100100100111110111110100000
0010110101110011101111110100100011101001101101001101001111101011|1001001100011000100101001101011101000010010010010001001000001001|1111000101000111101111001100001110010100100100110000110011111000
1000000000100100100000100000000000001010011011001001001000001100|0100100101000100000000000010000110100001000000000100000000000000|0000101000101001111001111011011011011011000100010000010000010000
0101101101100001111101111101011000010010000010010110010100111110|0000000000000000100111011001100100000000010010010010010000010010|0010001110001110011110011100011110101000100001000001000010100000
1010010011000011001001000000100000110011010010110010111101011011|0001010001001000000000100100011101000010100100001010000000000000|0110110110110100111011110111110111110011011011110011110010011000
1000000000001100100000010000000000110100100100100000101110011001|0000000000000000100010010101000000000000010010100100100000100001|1000010000010000000001000001000010100000000001000001000010011000
0110110100000110010010000000000000101111101100101100110011110111|0000110010010000000000001000101010000101001000010100000000000100|1000101000101101110011100111100111100110100111110111110101110000
1000011001000111001010000011011101100001010110110010110100000010|1001100011000000101001011000111000001000010010001001000001010011|0001000001010110000100010010010011010011100111000111000100101000
1000000100100100000100000000000001010011011001001001000001001000|0100101000100000000000010001010100000000000000100000000000001000|0101000101001111101111011011011011011000100010000010000010000000
1010100000001000000110100100100011010110001001001101001011001001|0011000110000000111111010111110000010000010010010010000010100111|1010011010110100100011110101110001110110001101001101001111011000
0000001001001000001000000000000010100110110010010010000010010000|1001010001000000000000100010111000001000000001000000000000010000|1010001010011111011110110110110110110000000100000100000100000000
0101000000000100001101111001001101100011101101101001111101011110|0110001100000000010010011000110000100001010011100100000101001010|1000101001110001101000110000111110111110011101011101011000011000
1110100000110010010000000000000101111101100101100110011110111011|0110010010000000000001000101100000010001000010100000000000100000|0101000101101110111110111100111100110010111110111110101110011000
0011001001010101010010001011011010011010110110110010110000010100|1100011000000001001011110101100001000000010011001000001010010000|0001000011100011110010100100111110101010110001110001110111111000
1010111110011011011111111111110100000100110100110011000010001001|1100100100000000000010001011010000101010000101000000000001000000|1010001011011100111101111001111001100100111101111101011100100000
0010010010000010010010000011111001111101101101101101100101101001|0000000000000001001001000010000000000000000000010000010000000000|1110001110001110001110011100111100110000000001000001001000101000
1001001001000001000000000000010100110110010010010000010010000000|1010001000000000000100010110100001000000001000000000000010010001|0001010011111011111010110110110110000100100000100000100000010000
1100100100000100100100000010110110110010010010011010001011010110|0000000000000110110111100100000000000000100100100000100000000000|1010001010001010101011010100110100100000000000000000010100101000
0110000110001110010010000010011011011000001000010011010101011011|0010000000000000101100101111000010100000000110000000000100001110|0011100110101000101001010011010000100011100110100100100000110000
0010010010011111011010000010001100101011011011011111001001101001|0001000000001101011110111110001000000000011011000001010010011000|1011011100011111001010010101010101100010000101000101101110110000
1111110011011011111111111110001000000010000010011000010001001101|0100100000000000010001111010000100000010101000000000001000011001|0011011001100111100111001111001100100011100111100011100100111000
1110110100110110110100101101011101011011011011111010111111011011|0000000000011011011100110000000000000010010010000010000000000010|0010100010100000100001000111000110000000000000000001010000101000
0110110111110111111111111101011001001101101101111101101111111111|0001000000000000100010110100001000000001000000000000010010010100|1010011111011111011010110110110000100010000100000100000010100000
0000000100001100000100100110110000110100100101100011101110000000|0000000000110110011100100010000000000100110110000100000000000000|1011001011001111011110110010110010110000000001000011100010110000
1100100110100110110110111011010010111111111111011111111011011110|0010000000000001001100001000000000000010000000000000100100101011|0110011100011100010100101000100101000100001000001000001101101000
0110100110100001100100110011100001011001001001001111001001110111|1000000001101111110011000010100000000001011010001010010011000100|0011111011100010010010111100101000101000110001110100110000011000
0001100100100000000000001011111011001011001100111101110110110100|0100000000000010001011010000011001000101000000000001000011001000|1011011100111100111101111001100100111110111101011100100010100000
1010000010011110000001011011101101111101101001100101001111001101|0000000011011011100110000010000000001010000010010000000000000000|1110001110011110001110101100100110110000000001001011000011100000
1110111110111111111111101011001001101101101111101111111111111111|1000000000000100010110100000100000000000000000000010010010100001|0011110011111011011010110110000100010000100000100000010100010000
1100000100100100000010010110110110010010011010001011010010010010|0000000110110110000100100000000000010100100000100000000000000000|1010001010101010101010110100100100000000000000010100000010101000
0110010010000000000000101111101100101100110011110111011011010000|0000000000001000101101000001010100001100000000000100001100100110|1101110011110011110011100110010011111011110101110010001010000000
0101100100101001101001010001100110100110100110000000110100010010|0000001101101110101100000010000000100001010011000000000000000001|1010011011011011001011010101110110110000000001101001000110100000
1000100000100100100101110111011101001001000001000000000000010100|0000000000010001011010100010000000010000000000000000000010001000|1101001101101111101111011100000101010001100010100001110001011000
0100110110110100101101111101011111011011111010111111011011011111|0000011011011100010000100000000001001010000010000000000000000010|0010100000100000100011000110000100000000000001010000001000101000
0010010011010111011001110101001011101010000110010000100110101100|0000000000100010010100000011000000101000010010010000110010010010|1101010101010101000100001101011001011111010110001001101010000000
1101100000001000100111010101011101011001001000001100000100110110|0000110111101011010100110010000000010100010111001001100011000011|0001111101001101011010111101111110111100011011111000001011011000
0010010000000000000101111101100101100110011110111011011010000011|0000000001000101101000001010010001010000000000100001100100100010|1110011110011110011110110010011111011111101110010001010001010000
0000011011010011011110001010110110110110110100110100101000000101|0000100100010101100000100000000000100000001010010011000110000011|1111100110000110001110011000011000011000110100110001010001110000
0000100000000000001010011011001001001000001001000000000010010010|0000000010001011010000010000000010000000000001001001010001000011|1101111101101101101101000010001000001000010000001010001010010000
0000110110101000101010110011011101011001001101001001110110000010|0011011110101111100101100010000001001000000110100110001100000010|1111011100011100010100000100000010000000101010100101100111111000
0110111111111111001000101101101101100110000100010010010111110111|0000000100110010100000001001000101000000000010000110010010000011|1001111001111001111001001101111001111101111001100101100101101000
1001101101101001011000001011011011011011010011010010100000000100|0110110101010010000010000000000010010000101001001100011000000011|1110011000011000101001000001100001100001010111000101000111110000
1010000000000000101111101100101100110011110111011011010000011001|0000001000101101000001010010001010000000000100001100100100000011|0011110011110011110010010011111011111010110010001010001011010000
1101101100101000011100101011011101011001011001011110111101010011|1101111010111100100000100010000100100001000000011000110000000001|0101011001011000101001100011110001110011101111010011010101101000
1100000000000001011111011001011001100111101110110110100000110010|0000010001011010000010100100000100000000001000011001001000000010|0111100111100111100110100111110111110101100100010100010110110000
0010010000000101011001001011011101111000101101001101001111100001|1011011100010000100100100010101001000010010010010000000000000110|1010101010101001111000010000010010010000010000001000001011001000
1111111111111101011001001101101101111101101111111111011011011111|0000100010110100000100000000010000000000010010010100010000000001|1111011011011011011000100010000010000010000010100010100111110000
1000000100111010010110000010110101110111101100100000100110010000|0110111000100000100100000011000010000100010010000000000000001100|1111001111001001011000110100110110110001100001010001010010110000
0000000000000101111101100101100110011110111011011010000011001001|0001000101101000001010010000100000000000100001100100100000000001|1110011110011110011000011111011111010111010001010001011011100000
1010011011010000011000110100100010100100110100101100000011100001|1111010111100000000100100010010100000010000001000110000000011010|0010000010001110010100101000101010101010110011010011111110111000
1000000000011010001001001001001000001001000000000010010010000110|0010011001000000000000000001000000000001001001010001000000000011|1101101101101101100000001000001000001000011010011010011111010000
