0000000110111111110001000001011001010001111010100110000010011000|0000000000000000000000000000000000000000000000000000000000000000
0100010111001000101101001100000110000100110010001001100010110110|0000000000000000000000000000000000000000000000000000000000000000
0000011011001110010110111011001011110000111110010001111000111111|1000000000000000000000000000000000000000000000000000000000000000
1100101111011010011010110101001000011100000101011110111111010110|1000000000000000000000000000000000000000000000000000000000000000
1001101011101011111001001001010111000001010000111111000011111110|1000000000000000000000000000000000000000000000000000000000000000
0011100010001000111110110001101001111011111011111100111010101100|1000000000000000000000000000000000000000000000000000000000000000
1011011110100110110010101101100111010000110000111100010011011111|0000000000000000000000000000000000000000000000000000000000000000
1110111110111100011101010110100101111011011111000000001110010001|1000000000000000000000000000000000000000000000000000000000000000
0001010001100001000001001101010011110010011101111111101111011001|0000000000000000000000000000000000000000000000000000000000000000
0001100110011110001001100100100001110111110100110110101111111001|1000000000000000000000000000000000000000000000000000000000000000
0000001001100000011000110111000101111100100110100100101110111000|1000000000000000000000000000000000000000000000000000000000000000
0100001001110111111110100000111111011110001010001100111011110111|0000000000000000000000000000000000000000000000000000000000000000
1111111001011011110101010010001011110001000110010111011101110000|0000000000000000000000000000000000000000000000000000000000000000
0000011011110010011010111010001001110101100000011000111001010001|1000000000000000000000000000000000000000000000000000000000000000
1011110010111000111110001010010101111000001111111000000011101000|1000000000000000000000000000000000000000000000000000000000000000
1111100101110001111100010100101011110000011111110000000111010001|0000000000000000000000000000000000000000000000000000000000000000
1000010100001000111100011001100101010100110111101100011001101101|1000000000000000000000000000000000000000000000000000000000000000
1000011110111111001100011101100110001010001011100010100110100101|0000000000000000000000000000000000000000000000000000000000000000
0011111000100010010011000101001010000111011000001100111100000001|1000000000000000000000000000000000000000000000000000000000000000
0111000111101010010010100100111000101101010100100011101101111101|0000000000000000000000000000000000000000000000000000000000000000
1001010000111111100001111001000011101110100001001011001100110101|1000000000000000000000000000000000000000000000000000000000000000
0101111110010100000111000010110101101001001010011010001110100110|1000000000000000000000000000000000000000000000000000000000000000
1100100000110010110010111000110010111100100010000000100010101101|0000000000000000000000000000000000000000000000000000000000000000
1101101101111100011110010001111101111101100111111110110110100000|0000000000000000000000000000000000000000000000000000000000000000
0000101000001010000011110011010001001011100100001110001001110111|1000000000000000000000000000000000000000000000000000000000000000
1101001001010010110000100101111101101010110001100001011101000110|1000000000000000000000000000000000000000000000000000000000000000
0110111101001101100010100110001000001011111110000101100001011000|1000000000000000000000000000000000000000000000000000000000000000
0001100000101100001010000010100100110000111011001110100100110101|0000000000000000000000000000000000000000000000000000000000000000
0011110111110110100000101011100101000010010010100111011100010100|0000000000000000000000000000000000000000000000000000000000000000
1111101111101101000001010111001010000100100101001110111000101000|0000000000000000000000000000000000000000000000000000000000000000
0000110110011111110010110000001010011110100110101011110011100001|1000000000000000000000000000000000000000000000000000000000000000
1110110011010100100001010000100110001001000101011011110000001110|1000000000000000000000000000000000000000000000000000000000000000
1110100001111010001100101011000100000010111011111101010100110101|1000000000000000000000000000000000000000000000000000000000000000
1010011100011111011101100110111010110001111111110110111110100100|1000000000000000000000000000000000000000000000000000000000000000
0000100010001001110100000011000001000100111000101000011011001111|0000000000000000000000000000000000000000000000000000000000000000
1001000111100010010000001011101001010011001111101000011110110001|1000000000000000000000000000000000000000000000000000000000000000
0010111001101010010100111001111110000101111011101010101000011101|0000000000000000000000000000000000000000000000000000000000000000
1110110110001000100010001101111010011000111000011100100001110001|1000000000000000000000000000000000000000000000000000000000000000
1010110011111010000000101011000110000101111000110101010100101100|1000000000000000000000000000000000000000000000000000000000000000
0001111101000011001110011000111000101100110110101111001111011111|0000000000000000000000000000000000000000000000000000000000000000
1111100011000000101011110010101110100100010100100011010000010111|1000000000000000000000000000000000000000000000000000000000000000
0000101100110101011111110110101000000101111011001000001010110001|0000000000000000000000000000000000000000000000000000000000000000
0010011100110110110100010011010110011000111001011001100100101001|1000000000000000000000000000000000000000000000000000000000000000
1111111100110001100011011000101010100010111101111010111000011000|1000000000000000000000000000000000000000000000000000000000000000
0111111001100011000110110001010101000101111011110101110000110011|0000000000000000000000000000000000000000000000000000000000000000
0011101010000000111010100001110101110110001110010110101111001101|1000000000000000000000000000000000000000000000000000000000000000
1011111000011000001110100011110011101000111111010010101101100011|0000000000000000000000000000000000000000000000000000000000000000
0100000000110011011010011010100110111011101011101110010111011100|0000000000000000000000000000000000000000000000000000000000000000
1011110010010100001011100101100111000111111100101111001010001111|1000000000000000000000000000000000000000000000000000000000000000
0000001110011100011111011000111011000010101011010000111110000011|0000000000000000000000000000000000000000000000000000000000000000
0100000101111110001001110010101001111000101111011100110010101111|1000000000000000000000000000000000000000000000000000000000000000
1111100001001000011011110110100110111100001100110111001111000001|0000000000000000000000000000000000000000000000000000000000000000
1000011101111011110011011101111111001100010001100010001001001101|1000000000000000000000000000000000000000000000000000000000000000
1100010111101110011101011011100110011100000000111011100001100011|0000000000000000000000000000000000000000000000000000000000000000
1111000101101000110010100100111001110101010011111001101001011000|0000000000000000000000000000000000000000000000000000000000000000
0110001011010001100101001001110011101010100111110011010010110010|0000000000000000000000000000000000000000000000000000000000000000
1011001010111001110110101110111110111011111001010010011010000100|0000000000000000000000000000000000000000000000000000000000000000
0101100110000001010010001101010111000111011001010111010000111101|1000000000000000000000000000000000000000000000000000000000000000
0000001001011110101111100100101000011101111101100111010000110010|1000000000000000000000000000000000000000000000000000000000000000
1011010100010000101100111010111101110010001010111111111000000001|0000000000000000000000000000000000000000000000000000000000000000
1001110111001010011101000101001001010000011101110011100111001111|1000000000000000000000000000000000000000000000000000000000000000
0011101101100101000010000111111001111010000101011111100110110000|1000000000000000000000000000000000000000000000000000000000000000
0000110010001111110100010001101101100011100110001001001111010010|1000000000000000000000000000000000000000000000000000000000000000
1001010001000000100100000000011100111110010110010000100011110100|1000000000000000000000000000000000000000000000000000000000000000
